version https://git-lfs.github.com/spec/v1
oid sha256:9584ed06eaa3ab3a31640e133c63ffab037c4f76637213300468dc974204ba88
size 21022
